0
0
0
0
0
0
0
0
0
0
1
3
6
8
11
28
37
57
57
106
146
193
265
359
448
572
674
736
820
943
951
983
1008
1011
999
935
908
900
913
859
902
829
846
861
904
894
890
899
939
877
880
917
926
898
903
883
899
865
863
893
846
920
862
891
870
852
882
866
855
874
841
849
859
817
807
868
856
850
865
838
885
906
855
871
896
871
900
944
856
902
890
871
965
942
947
959
979
1003
1073
1065
1172
1298
1407
1392
1448
1404
1295
1277
1199
1194
1191
1148
1124
1172
1181
1210
1233
1266
1250
1259
1326
1348
1285
1411
1443
1490
1712
1736
1838
1957
2087
2308
2430
2695
3072
3336
3722
4180
4798
5782
6771
7881
9130
10697
12269
14075
16259
18844
21217
23806
26301
27873
28630
30681
31058
31397
31295
31215
29966
27136
23761
19422
15646
11846
8717
6447
4432
2935
1755
1090
722
421
238
133
95
53
36
18
19
6
2
7
0
0
0
0
0
0
0
1
0
0
0
0
0
0
0
0
0
0
0
0
0
0
0
0
0
0
0
0
0
0
0
0
0
0
0
0
0
0
0
0
0
0
0
0
0
0
0
0
0
0
0
0
0
0
0
0
0
0
0
0
0
0
0
0
0
0
0
0
0
0
0
0
0
0
